base_res:
- 1024
- 768
camera_matrix:
- - 602.17434328
  - 0.0
  - 511.32476428
- - 0.0
  - 601.27444228
  - 334.8572872
- - 0.0
  - 0.0
  - 1.0
dist_coefs:
- - -0.321267
  - 0.11775163
  - 0.00091285
  - 0.0007689
  - -0.02101163
